maxError = 78371
numprocs = 128 sync time = 0.424972
total_events = 514481
num_splitters = 256
total_events = 524288 num_events = 514481
total_order_time = 17.9006
dropped events = 0
total bytes = 518596848
hdf5 parallel write time = 2.03886

