payload 1000

maxError = 22749
numprocs = 32 sync time = 0.169769
total_events = 516397
num_splitters = 64
total_events = 524288 num_events = 516397
total_order_time = 20.3759
dropped events = 9
total bytes = 520528176
hdf5 parallel write time = 5.39194

