 maxError = 29760
 numprocs = 80 sync time = 0.236708
 dropped events = 15
 total_events = 496038
 num_splitters = 160
 total bytes = 53572104

maxError = 27662
 numprocs = 80 sync time = 0.233543
 dropped events = 22
 total_events = 497661
 num_splitters = 160
 total bytes = 53747388

maxError = 30193
 numprocs = 80 sync time = 0.25738
 dropped events = 6
 total_events = 494304
 num_splitters = 160
 total bytes = 53384832

