maxError = 20576
 numprocs = 40 sync time = 0.18369
 dropped events = 14
 total_events = 509788
 num_splitters = 80
 total bytes = 55057104

maxError = 19930
 numprocs = 40 sync time = 0.195592
 dropped events = 14
 total_events = 511206
 num_splitters = 80
 total bytes = 55210248

maxError = 19318
 numprocs = 40 sync time = 0.203466
 dropped events = 24
 total_events = 510067
 num_splitters = 80
 total bytes = 55087236

