maxError = 5660
 numprocs = 20 sync time = 0.193712
 dropped events = 1
 total_events = 519491
 num_splitters = 40
 total bytes = 56105028

maxError = 5412
 numprocs = 20 sync time = 0.182425
 dropped events = 1
 total_events = 519580
 num_splitters = 40
 total bytes = 56114640

maxError = 9302
 numprocs = 20 sync time = 0.203679
 dropped events = 1
 total_events = 517807
 num_splitters = 40
 total bytes = 55923156

